EXPLORATORY: orientations fitting the reference tiling (s* <= 0.01): (1, -1, 1, 1) s*=-0.0279, (1, -1, 1, -1) s*=-0.0279, (-1, -1, 1, 1) s*=-0.0000, (-1, -1, 1, -1) s*=-0.0000
  main orientation (1, -1, 1, -1); per world: (orientation, s*, vertices on boundary) for each candidate orientation
  DECAPOD  seed   2: [((1, -1, 1, 1), 0.0279, 55), ((1, -1, 1, -1), -0.0, 60), ((-1, -1, 1, 1), 0.0279, 50), ((-1, -1, 1, -1), 0.0279, 55)]
      under (1, -1, 1, -1): 60/460 vertices on the boundary; straight lines with >= 4 of them (count, direction deg, distance from centre in edges): [(4, 0.0, 0.19), (4, 179.5, 0.24), (4, 144.0, 0.19), (4, 36.0, 0.19), (4, 35.5, 0.24), (4, 143.5, 0.24), (4, 108.0, 0.19), (4, 72.0, 0.19), (4, 71.5, 0.24), (4, 107.5, 0.24)]; not on such a line: 20
      their radii (edges): [2.5, 2.5, 2.5, 2.5, 2.5, 2.5, 2.5, 2.5, 2.5, 2.5, 4.04, 4.04, 4.04, 4.04, 4.04, 4.04, 4.04, 4.04, 4.04, 4.04, 5.57, 5.57, 5.57, 5.57, 5.57, 5.57, 5.57, 5.57, 5.57, 5.57, 7.47, 7.47, 7.47, 7.47, 7.47, 7.47, 7.47, 7.47, 7.47, 7.47, 9.01, 9.01, 9.01, 9.01, 9.01, 9.01, 9.01, 9.01, 9.01, 9.01, 10.55, 10.55, 10.55, 10.55, 10.55, 10.55, 10.55, 10.55, 10.55, 10.55]
  DECAPOD  seed   3: [((1, -1, 1, 1), 0.0902, 54), ((1, -1, 1, -1), -0.0, 58), ((-1, -1, 1, 1), 0.0902, 48), ((-1, -1, 1, -1), 0.0729, 22)]
      under (1, -1, 1, -1): 58/454 vertices on the boundary; straight lines with >= 4 of them (count, direction deg, distance from centre in edges): [(7, 0.0, 0.19), (5, 35.6, 0.23), (5, 143.6, 0.23), (5, 107.6, 0.23), (5, 71.7, 0.25), (4, 0.0, 0.31), (4, 144.0, 0.19), (4, 36.0, 0.19), (4, 108.0, 0.19), (4, 71.5, 0.24)]; not on such a line: 11
      their radii (edges): [2.5, 2.5, 2.5, 2.5, 2.5, 2.5, 2.5, 2.5, 2.5, 2.5, 4.04, 4.04, 4.04, 4.04, 4.04, 4.04, 4.04, 4.04, 4.04, 4.04, 5.57, 5.57, 5.57, 5.57, 5.57, 5.57, 5.57, 5.57, 5.57, 5.57, 7.47, 7.47, 7.47, 7.47, 7.47, 7.47, 7.47, 7.47, 7.47, 7.47, 9.01, 9.01, 9.01, 9.01, 9.01, 9.01, 9.01, 10.55, 10.55, 10.55, 10.55, 10.55, 10.55, 12.09, 12.09, 12.09, 12.09, 12.09]
  DECAPOD  seed   4: [((1, -1, 1, 1), 0.0902, 53), ((1, -1, 1, -1), -0.0, 58), ((-1, -1, 1, 1), 0.0902, 48), ((-1, -1, 1, -1), 0.0729, 27)]
      under (1, -1, 1, -1): 58/454 vertices on the boundary; straight lines with >= 4 of them (count, direction deg, distance from centre in edges): [(7, 0.0, 0.19), (7, 144.0, 0.19), (5, 35.6, 0.23), (5, 107.6, 0.23), (5, 71.7, 0.25), (4, 0.0, 0.31), (4, 144.0, 0.31), (4, 36.0, 0.19), (4, 108.0, 0.19), (4, 71.5, 0.24)]; not on such a line: 9
      their radii (edges): [2.5, 2.5, 2.5, 2.5, 2.5, 2.5, 2.5, 2.5, 2.5, 2.5, 4.04, 4.04, 4.04, 4.04, 4.04, 4.04, 4.04, 4.04, 4.04, 4.04, 5.57, 5.57, 5.57, 5.57, 5.57, 5.57, 5.57, 5.57, 5.57, 5.57, 7.47, 7.47, 7.47, 7.47, 7.47, 7.47, 7.47, 7.47, 7.47, 7.47, 9.01, 9.01, 9.01, 9.01, 9.01, 9.01, 9.01, 10.55, 10.55, 10.55, 10.55, 10.55, 10.55, 12.09, 12.09, 12.09, 12.09, 12.09]
  DECAPOD  seed   5: [((1, -1, 1, 1), 0.0902, 54), ((1, -1, 1, -1), -0.0, 57), ((-1, -1, 1, 1), 0.0902, 47), ((-1, -1, 1, -1), 0.0729, 25)]
      under (1, -1, 1, -1): 57/454 vertices on the boundary; straight lines with >= 4 of them (count, direction deg, distance from centre in edges): [(7, 0.0, 0.19), (7, 108.0, 0.19), (5, 35.6, 0.23), (5, 143.6, 0.23), (5, 71.5, 0.24), (4, 0.0, 0.31), (4, 144.0, 0.19), (4, 36.0, 0.19), (4, 108.0, 0.31), (4, 72.0, 0.19)]; not on such a line: 8
      their radii (edges): [2.5, 2.5, 2.5, 2.5, 2.5, 2.5, 2.5, 2.5, 2.5, 2.5, 4.04, 4.04, 4.04, 4.04, 4.04, 4.04, 4.04, 4.04, 4.04, 4.04, 5.57, 5.57, 5.57, 5.57, 5.57, 5.57, 5.57, 5.57, 5.57, 5.57, 7.47, 7.47, 7.47, 7.47, 7.47, 7.47, 7.47, 7.47, 7.47, 7.47, 9.01, 9.01, 9.01, 9.01, 9.01, 9.01, 10.55, 10.55, 10.55, 10.55, 10.55, 10.55, 12.09, 12.09, 12.09, 12.09, 12.09]
  DECAPOD  seed   6: [((1, -1, 1, 1), 0.0729, 24), ((1, -1, 1, -1), -0.0, 57), ((-1, -1, 1, 1), 0.0902, 47), ((-1, -1, 1, -1), 0.0729, 30)]
      under (1, -1, 1, -1): 57/455 vertices on the boundary; straight lines with >= 4 of them (count, direction deg, distance from centre in edges): [(8, 144.0, 0.19), (7, 0.0, 0.19), (7, 108.0, 0.19), (5, 144.0, 0.31), (5, 71.5, 0.24), (4, 0.0, 0.31), (4, 36.0, 0.19), (4, 35.5, 0.24), (4, 108.0, 0.31), (4, 72.0, 0.19)]; not on such a line: 5
      their radii (edges): [2.5, 2.5, 2.5, 2.5, 2.5, 2.5, 2.5, 2.5, 2.5, 2.5, 4.04, 4.04, 4.04, 4.04, 4.04, 4.04, 4.04, 4.04, 4.04, 4.04, 5.57, 5.57, 5.57, 5.57, 5.57, 5.57, 5.57, 5.57, 5.57, 5.57, 7.47, 7.47, 7.47, 7.47, 7.47, 7.47, 7.47, 7.47, 7.47, 7.47, 9.01, 9.01, 9.01, 9.01, 9.01, 9.01, 9.01, 10.55, 10.55, 10.55, 10.55, 10.55, 10.55, 12.09, 12.09, 12.09, 12.09]
  DECAPOD  seed   7: [((1, -1, 1, 1), 0.0729, 27), ((1, -1, 1, -1), -0.0, 56), ((-1, -1, 1, 1), 0.0902, 50), ((-1, -1, 1, -1), 0.0902, 53)]
      under (1, -1, 1, -1): 56/452 vertices on the boundary; straight lines with >= 4 of them (count, direction deg, distance from centre in edges): [(7, 0.0, 0.19), (7, 72.0, 0.19), (5, 143.6, 0.23), (5, 35.5, 0.24), (5, 107.6, 0.23), (4, 0.0, 0.31), (4, 144.0, 0.19), (4, 108.0, 0.19), (4, 72.0, 0.31), (4, 36.0, 0.19)]; not on such a line: 7
      their radii (edges): [2.5, 2.5, 2.5, 2.5, 2.5, 2.5, 2.5, 2.5, 2.5, 2.5, 4.04, 4.04, 4.04, 4.04, 4.04, 4.04, 4.04, 4.04, 4.04, 4.04, 5.57, 5.57, 5.57, 5.57, 5.57, 5.57, 5.57, 5.57, 5.57, 5.57, 7.47, 7.47, 7.47, 7.47, 7.47, 7.47, 7.47, 7.47, 7.47, 7.47, 9.01, 9.01, 9.01, 9.01, 9.01, 9.01, 10.55, 10.55, 10.55, 10.55, 10.55, 12.09, 12.09, 12.09, 12.09, 12.09]
  DECAPOD  seed   8: [((1, -1, 1, 1), 0.0729, 22), ((1, -1, 1, -1), -0.0, 56), ((-1, -1, 1, 1), 0.0902, 50), ((-1, -1, 1, -1), 0.0902, 54)]
      under (1, -1, 1, -1): 56/452 vertices on the boundary; straight lines with >= 4 of them (count, direction deg, distance from centre in edges): [(7, 0.0, 0.19), (7, 144.0, 0.19), (7, 72.0, 0.19), (5, 0.0, 0.31), (5, 35.5, 0.24), (5, 107.6, 0.23), (4, 144.0, 0.31), (4, 108.0, 0.19), (4, 72.0, 0.31), (4, 36.0, 0.19)]; not on such a line: 4
      their radii (edges): [2.5, 2.5, 2.5, 2.5, 2.5, 2.5, 2.5, 2.5, 2.5, 2.5, 4.04, 4.04, 4.04, 4.04, 4.04, 4.04, 4.04, 4.04, 4.04, 4.04, 5.57, 5.57, 5.57, 5.57, 5.57, 5.57, 5.57, 5.57, 5.57, 5.57, 7.47, 7.47, 7.47, 7.47, 7.47, 7.47, 7.47, 7.47, 7.47, 7.47, 9.01, 9.01, 9.01, 9.01, 9.01, 9.01, 10.55, 10.55, 10.55, 10.55, 10.55, 12.09, 12.09, 12.09, 12.09, 12.09]
  DECAPOD  seed   9: [((1, -1, 1, 1), 0.0729, 28), ((1, -1, 1, -1), -0.0, 54), ((-1, -1, 1, 1), 0.0902, 49), ((-1, -1, 1, -1), 0.0902, 50)]
      under (1, -1, 1, -1): 54/455 vertices on the boundary; straight lines with >= 4 of them (count, direction deg, distance from centre in edges): [(7, 0.0, 0.19), (7, 108.0, 0.19), (6, 72.0, 0.19), (5, 144.0, 0.19), (5, 35.5, 0.24), (4, 0.0, 0.31), (4, 143.5, 0.21), (4, 108.0, 0.31), (4, 72.0, 0.31), (4, 36.0, 0.19)]; not on such a line: 4
      their radii (edges): [2.5, 2.5, 2.5, 2.5, 2.5, 2.5, 2.5, 2.5, 2.5, 2.5, 4.04, 4.04, 4.04, 4.04, 4.04, 4.04, 4.04, 4.04, 4.04, 4.04, 5.57, 5.57, 5.57, 5.57, 5.57, 5.57, 5.57, 5.57, 5.57, 5.57, 7.47, 7.47, 7.47, 7.47, 7.47, 7.47, 7.47, 9.01, 9.01, 9.01, 9.01, 9.01, 10.55, 10.55, 10.55, 10.55, 10.55, 12.09, 12.09, 12.09, 12.09, 12.09, 13.63, 13.63]
  FILLABLE seed   0: [((1, -1, 1, 1), 0.1008, 9), ((1, -1, 1, -1), -0.0451, 0), ((-1, -1, 1, 1), 0.1008, 14), ((-1, -1, 1, -1), 0.0451, 5)]
      under (1, -1, 1, -1): 0/452 vertices on the boundary; straight lines with >= 4 of them (count, direction deg, distance from centre in edges): []; not on such a line: 0
      their radii (edges): []
  FILLABLE seed   1: [((1, -1, 1, 1), 0.0451, 5), ((1, -1, 1, -1), -0.0451, 0), ((-1, -1, 1, 1), 0.1008, 14), ((-1, -1, 1, -1), 0.1008, 9)]
      under (1, -1, 1, -1): 0/454 vertices on the boundary; straight lines with >= 4 of them (count, direction deg, distance from centre in edges): []; not on such a line: 0
      their radii (edges): []
  FILLABLE seed  65: [((1, -1, 1, 1), 0.0451, 5), ((1, -1, 1, -1), -0.0451, 0), ((-1, -1, 1, 1), 0.1008, 14), ((-1, -1, 1, -1), 0.1008, 9)]
      under (1, -1, 1, -1): 0/454 vertices on the boundary; straight lines with >= 4 of them (count, direction deg, distance from centre in edges): []; not on such a line: 0
      their radii (edges): []
  FILLABLE seed 109: [((1, -1, 1, 1), 0.0451, 5), ((1, -1, 1, -1), -0.0451, 0), ((-1, -1, 1, 1), 0.1008, 14), ((-1, -1, 1, -1), 0.1008, 9)]
      under (1, -1, 1, -1): 0/453 vertices on the boundary; straight lines with >= 4 of them (count, direction deg, distance from centre in edges): []; not on such a line: 0
      their radii (edges): []
